A = [1, 1; 0, 2; -1 , 2; 2, 0];
z = [2; 4; 4; 0];
b = A\z;

B = [1, 2; 2, 4; 2, 4; 0, 0];
x = [1; 0; -1; 2];
p = B\x;